=== RESULTADOS DE PRUEBAS DE RENDIMIENTO ===
Fecha: Oct 22 2025 Hora: 19:21:14
=============================================

--- ADD ---
Datos	Densidad%	Tiempo(s)	Éxitos	Muestra
------------------------------------------------
50	20		0.000312		50	1
50	20		0.000285		50	2
50	70		0.000268		50	1
50	70		0.00026		50	2
250	20		0.001281		250	1
250	20		0.001262		250	2
250	70		0.001027		250	1
250	70		0.000984		250	2
500	20		0.002101		500	1
500	20		0.002092		500	2
500	70		0.001983		500	1
500	70		0.001753		500	2
1000	20		0.003996		1000	1
1000	20		0.003477		1000	2
1000	70		0.003454		1000	1
1000	70		0.003105		1000	2
5000	20		0.030358		5000	1
5000	20		0.023041		5000	2
5000	70		0.021254		5000	1
5000	70		0.020966		5000	2

--- GET ---
Datos	Densidad%	Tiempo(s)	Éxitos	Muestra
------------------------------------------------
50	20		7.6e-05		1000	1
50	20		7.6e-05		1000	2
50	70		7.3e-05		1000	1
50	70		7.2e-05		1000	2
250	20		0.00024		1000	1
250	20		0.000241		1000	2
250	70		0.00024		1000	1
250	70		0.000239		1000	2
500	20		0.000428		1000	1
500	20		0.000428		1000	2
500	70		0.000474		1000	1
500	70		0.000471		1000	2
1000	20		0.000837		1000	1
1000	20		0.000836		1000	2
1000	70		0.000849		1000	1
1000	70		0.000847		1000	2
5000	20		0.007511		1000	1
5000	20		0.007336		1000	2
5000	70		0.007384		1000	1
5000	70		0.00705		1000	2

--- REMOVE ---
Datos	Densidad%	Tiempo(s)	Éxitos	Muestra
------------------------------------------------
50	20		5.7e-05		50	1
50	20		5.4e-05		50	2
50	70		5.5e-05		50	1
50	70		5.4e-05		50	2
250	20		0.000314		250	1
250	20		0.000317		250	2
250	70		0.00031		250	1
250	70		0.000303		250	2
500	20		0.00072		500	1
500	20		0.000721		500	2
500	70		0.000708		500	1
500	70		0.000701		500	2
1000	20		0.000937		500	1
1000	20		0.00094		500	2
1000	70		0.000933		500	1
1000	70		0.000927		500	2
5000	20		0.005259		500	1
5000	20		0.005136		500	2
5000	70		0.004916		500	1
5000	70		0.004853		500	2

--- MULTIPLY ---
Datos	Densidad%	Tiempo(s)	Éxitos	Muestra
------------------------------------------------
50	20		0.000665		1	1
50	20		0.000667		1	2
50	70		0.000249		1	1
50	70		0.000251		1	2
250	20		0.02455		1	1
250	20		0.024481		1	2
250	70		0.003975		1	1
250	70		0.003968		1	2
500	20		0.128318		1	1
500	20		0.128283		1	2
500	70		0.019928		1	1
500	70		0.019987		1	2
1000	20		0.652605		1	1
1000	20		0.647747		1	2
1000	70		0.100531		1	1
1000	70		0.101123		1	2
5000	20		103.972		1	1
5000	20		101.15		1	2
5000	70		15.5073		1	1
5000	70		15.393		1	2

=== RESUMEN ESTADÍSTICO ===
ADD: Tiempo promedio = 0.00616295 segundos
GET: Tiempo promedio = 0.0017854 segundos
REMOVE: Tiempo promedio = 0.00141075 segundos
MULTIPLY: Tiempo promedio = 11.894 segundos
